319.81 1589539487976
95.36 1589539506916
84.84 1589539526245
0.98 1589539575266
499.02 1589539610866
0.98 1589540154262
-0.49 1589540259344
0.0 1589540294954
499.51 1589540554112
15.65 1590065500020
150.12 1590065519420
70.9 1590065531796
70.42 1590065551269
99.27 1590065565898
93.64 1590065649987
41.08 1590065778788
77.75 1590065802141
66.01 1590065818779
0.0 1590065870169
0.0 1590065956348
184.0 1590067575799
0.0 1590067615582
0.0 1590068022907
0.0 1590069123317
0.0 1590069140527
0.0 1590069157455
